6425       32003         01            0             0.95     0.74     0.14       0.4         0.5         0.4
6425       32003         02            0             0.95     0.74     0.14       0.4         0.5         0.4
6425       32003         03            0             0.95     0.74     0.14       0.4         0.5         0.4
6425       32003         04            0             0.95     0.74     0.14       0.4         0.5         0.4
6425       32003         05            0             0.95     0.74     0.14       0.4         0.5         0.4
6425       32003         06            0             0.95     0.74     0.14       0.4         0.5         0.4
6425       32003         07            0             0.95     0.74     0.14       0.4         0.5         0.4
6425       32003         08            0             0.95     0.74     0.14       0.4         0.5         0.4
6425       32003         09            0             0.95     0.74     0.14       0.4         0.5         0.4
6425       32003         10            0             0.95     0.74     0.14       0.4         0.5         0.4
6425       32003         11            0             0.95     0.74     0.14       0.4         0.5         0.4
6425       32003         12            0             0.95     0.74     0.14       0.4         0.5         0.4
6425       32003         13            0             0.95     0.74     0.14       0.4         0.5         0.4
6425       32003         14            0             0.95     0.74     0.14       0.4         0.5         0.4
6425       32003         15            0             0.95     0.74     0.14       0.4         0.5         0.4
6425       32003         16            0             0.95     0.74     0.14       0.4         0.5         0.4
6425       32003         17            0             0.95     0.74     0.14       0.4         0.5         0.4
6425       32003         18            0             0.95     0.14     0.14       0.4         0.5         0.4
6425       32003         19            0             0.95     0.14     0.14       0.4         0.5         0.4
6425       32003         20            0             0.95     0.14     0.14       0.4         0.5         0.4
6425       32003         21            0             0.95     0.14     0.14       0.4         0.5         0.4
6425       32003         22            0             0.95     0.14     0.14       0.4         0.5         0.4
6425       32003         23            0             0.95     0.14     0.14       0.4         0.5         0.4
6425       32003         24            0             0.95     0.14     0.14       0.4         0.5         0.4
6425       32003         25            0             0.95     0.14     0.14       0.4         0.5         0.4
6425       32003         26            0             0.95     0.14     0.14       0.4         0.5         0.4
6425       32003         27            0             0.95     0.74     0.14       0.4         0.5         0.4
6425       32003         28            0             0.95     0.74     0.14       0.4         0.5         0.4
6425       32003         29            0             0.95     0.74     0.14       0.4         0.5         0.4
6425       32003         30            0             0.95     0.74     0.14       0.4         0.5         0.4
6425       32003         31            0             0.95     0.74     0.14       0.4         0.5         0.4
6425       32003         32            0             0.95     0.74     0.14       0.4         0.5         0.4
6425       32003         33            0             0.95     0.74     0.14       0.4         0.5         0.4
6425       32003         34            0             0.95     0.74     0.14       0.4         0.5         0.4
6425       32003         35            0             0.95     0.74     0.14       0.4         0.5         0.4
6425       32003         36            0             0.95     0.14     0.14       0.4         0.5         0.4
6425       32003         37            0             0.95     0.14     0.14       0.4         0.5         0.4
6425       32003         38            0             0.95     0.14     0.14       0.4         0.5         0.4
6425       32003         39            0             0.95     0.14     0.14       0.4         0.5         0.4
6425       32003         40            0             0.95     0.74     0.14       0.4         0.5         0.4
6425       32003         41            0             0.95     0.74     0.14       0.4         0.5         0.4
6425       32003         42            0             0.95     0.74     0.14       0.4         0.5         0.4
6425       32003         43            0             0.95     0.74     0.14       0.4         0.5         0.4
6425       32003         44            0             0.95     0.74     0.14       0.4         0.5         0.4
6425       32003         45            0             0.95     0.74     0.14       0.4         0.5         0.4
6425       32003         46            0             0.95     0.74     0.14       0.4         0.5         0.4
6425       32003         47            0             0.95     0.74     0.14       0.4         0.5         0.4
6425       32003         48            0             0.95     0.74     0.14       0.4         0.5         0.4
6425       32003         49            0             0.95     0.74     0.14       0.4         0.5         0.4
6425       32003         50            0             0.95     0.14     0.14       0.4         0.5         0.4
6425       32003         51            0             0.95     0.14     0.14       0.4         0.5         0.4
6425       32003         52            0             0.95     0.14     0.14       0.4         0.5         0.4
6425       32003         53            0             0.95     0.14     0.14       0.4         0.5         0.4
6425       32003         54            0             0.95     0.14     0.14       0.4         0.5         0.4
6425       32003         55            0             0.95     0.74     0.14       0.4         0.5         0.4
6425       32003         56            0             0.95     0.74     0.14       0.4         0.5         0.4
6425       32003         57            0             0.95     0.74     0.14       0.4         0.5         0.4
6425       32003         58            0             0.95     0.74     0.14       0.4         0.5         0.4